5.1:
Najwieksza liczba parzysta to: 29966

5.2:
27052
787
10811
26422
1701
25152
25152
26512
12771
16161
16161
8318
22362
4514
21462
25712
7397
3203
29942
19981
7837
21762
16261
16261
21062
25802
3723
7527
15351
15351
27522
252
26932
23972
4854
25772
29922
28032
14121
25752
25752
11211
11211
27122
1861
27452
20582
5275
1561
2812
3703
21172
29782
7687
10131
66
23662
20802
20802
1351
20132
29362
1581
28612
22692
24212
17851
25432
18941
24952
7007
7007
21432
16001
29132
989
17251
17691
25332
15191
24602
21982
3623
22212
12141
10101
10101
5625
1911
27172
27172
21282
4014
27912
9499
29022
9959
6136
5095
696
9909
9579
26082
8888
8888
1431
20232
28302
14901
26342
9219
28642
4104
55
17141
7577
25912
14841
14841
13151
28132
10101
10101
25842
24982

5.3:
Liczby, ktorych suma cyfr jest wieksza od 30:
8887
18895
4999
29885
28788
28859
28986
19976
29888
28869
18797
28998
24989
29966
25978
28798
27998
8987
19579
27589
5999
9499
9959
29983
8888
28678
6989
19998
Suma wszystkich cyfr w pliku wynosi 18560